Age [ka BP]	Sea level [m NN] (Calculated)	Speleo_age
0	8.5	-0.0449
1	7.6	0.9597
2	4	1.9644
3	4.3	2.969
4	3.1	3.9737
5	0	4.9784
6	-4	5.983
7	-6.1	6.9877
8	-9.1	7.9923
9	-15.8	8.997
10	-24.6	10.0016
11	-35.8	11.0063
12	-51	12.0978
13	-66.3	13.1893
14	-76.6	14.2793
15	-86.5	15.369
16	-98	16.4601
17	-107.3	17.5518
18	-113	18.6424
19	-116.7	19.7341
20	-117.6	20.825
21	-120	21.9166
22	-125.8	23.0093
23	-128.7	24.0995
24	-130	25.1891
25	-126.9	26.2783
26	-122.4	27.3688
27	-118.3	28.4598
28	-115.2	29.5509
29	-110.9	30.6451
30	-105.8	31.7299
31	-103.5	32.8251
32	-100.7	33.9191
33	-97.5	35.006
34	-97.4	36.1015
35	-98.9	37.1887
36	-99.4	38.2903
37	-95.3	39.3808
38	-93.1	40.4689
39	-90.3	41.5553
40	-85.9	42.6347
41	-79.8	43.7342
42	-75.8	44.8345
43	-73.9	45.9211
44	-76.2	47.0164
45	-74.5	48.1079
46	-75.8	49.1985
47	-73.7	50.2894
48	-76.7	51.3809
49	-73.7	52.4739
50	-68.3	53.5658
51	-63.1	54.6545
52	-67.9	55.739
53	-68.9	56.8292
54	-70.1	57.9325
55	-72.3	59.0275
56	-78	59.7734
57	-82.7	60.52
58	-85.7	61.2661
59	-82.9	62.0126
60	-84.7	62.7593
61	-86.6	63.5054
62	-84.3	64.2521
63	-84.8	64.9986
64	-83.5	65.7449
65	-82.7	66.4905
66	-82.5	67.2381
67	-79.4	68.0003
68	-71.1	68.7622
69	-68.1	69.5242
70	-65.4	70.2856
71	-51.5	71.0472
72	-46.7	71.8087
73	-43.9	72.5701
74	-36.2	73.3318
75	-33.1	74.0935
76	-31.6	74.8551
77	-27.7	75.6182
78	-28.8	77.3143
79	-32.9	79.0114
80	-30.9	80.7068
81	-31.4	82.4018
82	-29.7	84.097
83	-25.6	85.7948
84	-30.7	86.8329
85	-30	87.8711
86	-38.8	88.9089
87	-43.1	89.9459
88	-46.6	90.9833
89	-43.5	91.8033
90	-43.6	92.6237
91	-40.3	93.4436
92	-41.7	94.2638
93	-42.2	95.084
94	-40.5	95.9034
95	-34.2	96.7235
96	-27.7	97.5442
97	-22.2	98.3649
98	-21.2	99.1849
99	-17.2	100.0039
100	-19.5	100.8237
101	-17.7	101.6442
102	-25	102.4643
103	-29.4	103.2842
104	-31.7	104.1065
105	-34.3	104.9257
106	-40.3	105.744
107	-45	106.566
108	-44.5	107.3859
109	-45.9	108.2004
110	-46.4	109.0285
111	-47.1	109.8505
112	-43.2	110.8985
113	-38.9	111.9465
114	-33.8	112.9945
115	-26.2	114.0435
116	-22.5	115.0922
117	-14.1	116.1405
118	-7.5	117.1882
119	-4	118.2355
120	2.7	119.2835
121	3.1	120.3308
122	2.3	121.3782
123	1.2	122.4265
124	-1.2	123.4738
125	-6.6	124.5205
126	-12.7	125.5695
127	-27	126.6172
128	-36	127.6645
129	-52.8	128.7145
130	-73.6	129.7615
131	-82.8	130.8048
132	-102	131.8505
133	-114.3	132.9018
134	-120.2	133.9425
135	-123.7	135.0005
136	-123.9	135.9989
137	-123.5	136.9969
138	-122.6	137.9948
139	-120.9	138.9913
140	-118.8	139.9895
141	-113.4	140.9868
142	-110.7	141.9845
143	-106.7	142.9823
144	-102.3	143.9795
145	-100.3	144.9772
146	-100.6	145.9728
147	-99.5	146.9702
148	-99.1	147.9685
149	-96.9	148.9667
150	-90.7	149.9625
151	-86.8	150.9606
152	-85.8	151.9551
153	-85.1	152.9545
154	-86.8	153.9055
155	-89.6	154.8565
156	-92.4	155.8075
157	-92.6	156.7595
158	-88.8	157.8563
159	-87.9	158.9515
160	-86.9	160.0482
161	-85.2	161.1445
162	-78.7	162.2383
163	-77	163.3339
164	-74.4	164.4311
165	-71.6	165.5267
166	-65.2	166.6205
167	-61.6	167.7166
168	-61.5	168.8105
169	-58.1	169.9026
170	-55.3	171.0015
171	-57.7	172.6805
172	-64.4	174.3605
173	-63.1	175.1066
174	-62.1	175.852
175	-61.4	176.5972
176	-63.6	177.3442
177	-62.5	178.0897
178	-66	178.8353
179	-68.5	179.5823
180	-68	180.3283
181	-68.5	181.0729
182	-68.5	181.8208
183	-68.8	182.5665
184	-70.3	183.3131
185	-71.5	184.0605
186	-67.5	185.1144
187	-64.1	186.1692
188	-59	187.2241
189	-55.7	188.2789
190	-50.9	189.3338
191	-44.9	190.3886
192	-37.3	191.4445
193	-32.8	192.4995
194	-32.4	193.5552
195	-26.1	194.6101
196	-21.7	195.6638
197	-13.5	196.7171
198	-10.1	197.7734
199	-7.7	198.8295
200	-11.2	199.9435
201	-19.5	201.0555
202	-21.5	202.1715
203	-26.5	203.2855
204	-23.7	204.4641
205	-14.3	205.6409
206	-9.8	206.8185
207	-14	207.9969
208	-10.1	209.1755
209	-10.5	210.3535
210	-11.4	211.5289
211	-9.4	212.7041
212	-7.3	213.8807
213	-6.7	215.0605
214	-7	215.8695
215	-9.1	216.6775
216	-13	217.4855
217	-23.4	218.2935
218	-29.2	219.1015
219	-36.7	219.9089
220	-49.3	220.7167
221	-61.7	221.5255
222	-67	222.3329
223	-73.6	223.1415
224	-72.1	224.3921
225	-74.3	225.6441
226	-70.6	226.8944
227	-66.8	228.1446
228	-65.4	229.3949
229	-65	230.6444
230	-59.1	231.8935
231	-51.4	233.1438
232	-41.7	234.3935
233	-31.5	235.6428
234	-26.4	236.8919
235	-21.3	238.1424
236	-15	239.3915
237	-9.4	240.6455
238	-14.7	241.4159
239	-21	242.1871
240	-26.2	242.9574
241	-35.1	243.7282
242	-44.8	244.4989
243	-53.6	245.2701
244	-58.1	246.0405
245	-54.4	246.8108
246	-73	247.5811
247	-80.6	248.3514
248	-86.6	249.1211
249	-88.2	249.8902
250	-91.7	250.6611
251	-94.3	251.4315
252	-94.4	252.685
253	-95.6	253.9402
254	-91.9	255.1914
255	-86.8	256.4454
256	-90.2	257.6976
257	-93.5	258.9512
258	-93.6	260.2047
259	-89.8	261.4581
260	-81	262.7111
261	-78.3	263.9636
262	-77.7	265.2169
263	-77.5	266.4679
264	-85.4	267.7198
265	-84.5	268.9705
266	-82.1	270.2219
267	-82.8	271.4747
268	-93.1	272.7278
269	-97.2	273.9787
270	-98.2	275.2385
271	-90	276.1603
272	-80.2	277.0831
273	-76.1	278.0059
274	-74.4	278.9287
275	-67.5	279.8516
276	-61.8	280.7752
277	-56.7	281.6982
278	-53.5	282.621
279	-50.1	283.5434
280	-46	284.4674
281	-39.8	285.3881
282	-37.9	286.3132
283	-36.6	287.2362
284	-35	288.1582
285	-35.1	289.0804
286	-36.5	290.0058
287	-37.8	290.9302
288	-42.7	291.8531
289	-51.8	292.7759
290	-56.7	293.6944
291	-58.5	294.6245
292	-56.5	295.5788
293	-54.8	296.5334
294	-53.2	297.4888
295	-52.4	298.4436
296	-48.9	299.3979
297	-48.3	300.3531
298	-47.5	301.3065
299	-45.3	302.2591
300	-42.8	303.2151
301	-39.5	304.1698
302	-38	305.1229
303	-33	306.0774
304	-35.3	307.0356
305	-39.4	307.9915
306	-35.7	309.0128
307	-30.5	310.035
308	-31.1	311.0573
309	-27.9	312.0795
310	-24.1	313.1018
311	-22.2	314.1234
312	-21.9	315.1443
313	-18.4	316.1676
314	-12.4	317.1888
315	-12.1	318.2101
316	-9.8	319.2312
317	-10.4	320.2506
318	-10.8	321.2739
319	-11.2	322.2952
320	-8.4	323.3164
321	-6.8	324.3397
322	-2.4	325.3606
323	-0.6	326.3781
324	-2.5	327.3999
325	-7.7	328.4244
326	-7.7	329.4484
327	-3	330.468
328	-0.6	331.4925
329	-1.7	332.1255
330	-6.8	332.7578
331	-16.3	333.3909
332	-33.9	334.0241
333	-36.9	334.6572
334	-48	335.2904
335	-58.3	335.9235
336	-74.3	336.5576
337	-85.6	337.1908
338	-91.1	337.8235
339	-93.2	338.4561
340	-96.8	339.0899
341	-103.8	339.7225
342	-108	340.3565
343	-108.5	341.5601
344	-108.7	342.7639
345	-108.9	343.9664
346	-105.7	345.1708
347	-103.2	346.376
348	-102.6	347.5795
349	-101	348.7833
350	-97	349.9886
351	-89.9	351.1923
352	-85.1	352.3979
353	-84	353.6035
354	-86.5	354.6205
355	-91.1	355.6365
356	-94.9	356.6535
357	-93	357.6695
358	-91.8	358.6862
359	-88.6	359.7025
360	-84.7	360.7195
361	-78.8	361.7355
362	-71.1	362.7525
363	-66.1	363.7678
364	-66.4	364.7845
365	-65	365.8015
366	-57.2	366.8152
367	-50.4	367.8318
368	-49.2	368.8485
369	-48	369.8645
370	-49.3	370.8792
371	-49.2	371.8965
372	-46.8	372.9128
373	-48.4	373.9282
374	-47.4	374.9505
375	-50.1	375.9682
376	-48.2	376.9848
377	-50.2	378.0035
378	-49.5	379.3486
379	-37.8	380.6902
380	-26.5	382.0336
381	-24	383.379
382	-28.9	384.7202
383	-27.8	386.0627
384	-27.2	387.4075
385	-25	388.7524
386	-22.2	390.0969
387	-19	391.4408
388	-21.6	392.7839
389	-26.2	394.1264
390	-28.4	395.4725
391	-23.4	396.5214
392	-17.9	397.5691
393	-9.7	398.6185
394	-6.5	399.6659
395	-4.2	400.7135
396	-3.1	401.7615
397	-1	402.8105
398	3.2	403.8584
399	10.3	404.9058
400	14.7	405.9541
401	14.1	406.9998
402	13.1	408.0479
403	14.6	409.0999
404	16	410.1515
405	12.9	410.8747
406	11.2	411.5964
407	10.3	412.3182
408	7.9	413.0403
409	5.5	413.7622
410	-3.3	414.485
411	-7.6	415.2081
412	-11.9	415.9291
413	-12.4	416.6507
414	-17.4	417.3728
415	-25.1	418.0943
416	-31.7	418.8164
417	-35.5	419.5386
418	-37	420.2607
419	-42.1	420.9812
420	-49.3	421.7038
421	-55.3	422.4274
422	-58.6	423.1498
423	-70.3	423.871
424	-72	424.597
425	-89.5	425.3188
426	-104.4	426.0418
427	-111.5	426.764
428	-113.8	427.4842
429	-116.5	428.2105
430	-116.1	429.482
431	-115.6	430.7534
432	-117.1	432.0246
433	-119	433.2953
434	-118.1	434.5657
435	-114.4	435.8367
436	-113.9	437.108
437	-113.2	438.3792
438	-110.7	439.6505
439	-105.3	440.9204
440	-99.8	442.194
441	-98.5	443.4663
442	-100.5	444.7374
443	-101.7	446.0016
444	-99.6	447.2744
445	-96.2	448.5479
446	-95.5	449.8188
447	-95	451.0865
448	-96.9	452.3503
449	-98.3	453.6292
450	-97.8	454.8986
451	-97.8	456.1663
452	-96.2	457.4438
453	-94.6	458.7174
454	-92.9	459.9891
455	-90.9	461.2444
456	-89.8	462.5155
457	-88.3	463.7902
458	-86	465.0564
459	-81.9	466.3149
460	-81.4	467.597
461	-79.7	468.8817
462	-78.3	470.1574
463	-75.4	471.4311
464	-73.8	472.6889
465	-74.8	473.9745
466	-71.4	474.7506
467	-62.9	475.5287
468	-52.1	476.3053
469	-51.2	477.0814
470	-51.8	477.8581
471	-49.6	478.6342
472	-41.6	479.4114
473	-36.8	480.1888
474	-34.5	480.965
475	-32.1	481.7414
476	-29.8	482.5167
477	-27.6	483.2929
478	-28.3	484.0701
479	-31.4	484.8483
480	-32.8	485.6246
481	-32.4	486.4019
482	-30.5	487.1786
483	-28.2	487.9553
484	-24.9	488.7308
485	-21.1	489.5019
486	-17.4	490.2784
487	-17.6	491.0569
488	-17.1	491.8307
489	-18	492.6108
490	-15.2	493.3858
491	-12.7	494.161
492	-10.8	494.9387
493	-12.4	495.7124
494	-14.5	496.4883
495	-17.6	497.2638
496	-18.4	498.0418
497	-15.3	498.8203
498	-14	499.5979
499	-17.9	500.373
500	-22.5	501.1491
501	-23.3	501.926
502	-24	502.6991
503	-27.3	503.4737
504	-30.5	504.2527
505	-33.4	505.0219
506	-36	505.7987
507	-40.7	506.5756
508	-45.7	507.3592
509	-53.5	508.1353
510	-53.7	508.9115
511	-51.7	509.9739
512	-51.2	511.0359
513	-51.7	512.0994
514	-50	513.161
515	-48.9	514.2255
516	-46.2	515.2874
517	-43.5	516.3502
518	-44.1	517.4125
519	-45.5	518.4742
520	-44	519.5367
521	-43.9	520.6005
522	-45.8	521.6643
523	-48.8	522.7267
524	-49.6	523.7889
525	-49.1	524.8517
526	-48.9	525.9155
527	-47.8	526.9776
528	-47.9	528.0425
529	-50.1	529.0987
530	-51.6	530.1597
531	-53.2	531.2246
532	-53.3	532.2933
533	-52.7	533.355
534	-55.9	534.4183
535	-61	535.4814
536	-64	536.5457
537	-67.3	537.6155
538	-64.2	538.7682
539	-59.9	539.9207
540	-59	541.074
541	-55.2	542.227
542	-51.7	543.3786
543	-53.7	544.5308
544	-53.9	545.6835
545	-53.7	546.8364
546	-55	547.989
547	-57.4	549.1417
548	-59.5	550.2943
549	-62.1	551.4453
550	-62.8	552.5985
551	-60	553.6315
552	-58.3	554.6635
553	-59.8	555.6965
554	-61.1	556.7285
555	-58.4	557.893
556	-52.4	559.0554
557	-46.5	560.2199
558	-40.4	561.3862
559	-37.9	562.5498
560	-36	563.7126
561	-35.4	564.8776
562	-34.8	566.0412
563	-33.4	567.2048
564	-30.1	568.3708
565	-26.7	569.5357
566	-19.6	570.7005
567	-13.9	571.8655
568	-13.3	572.8809
569	-11.6	573.8984
570	-9	574.9125
571	-8.1	575.9293
572	-6.6	576.9455
573	-8.3	577.9615
574	-8.8	578.9773
575	-12	579.9919
576	-12.3	581.0054
577	-11.6	582.0221
578	-13.8	583.0415
579	-23.3	583.6622
580	-31.9	584.2836
581	-38.3	584.9042
582	-44	585.5248
583	-50.1	586.1461
584	-53.3	586.7678
585	-54.4	587.3885
586	-49.9	588.3855
587	-47.1	589.3815
588	-45.5	590.3765
589	-39	591.3735
590	-33.1	592.3685
591	-30	593.3645
592	-28.9	594.3595
593	-30.3	595.3565
594	-29.8	596.3505
595	-26.3	597.3475
596	-23.4	598.3425
597	-24	599.3385
598	-27.5	600.3325
599	-33	601.3285
600	-41.3	602.3205
601	-41.1	603.3195
602	-39.3	604.906
603	-37.8	606.4953
604	-33.9	608.0847
605	-24	609.6722
606	-16.2	611.2626
607	-14.2	612.8532
608	-15.1	614.4433
609	-17.7	616.0317
610	-17.5	617.6224
611	-18.5	619.2127
612	-18.1	620.8036
613	-12.5	622.3929
614	-9	623.9845
615	-11.2	625.5721
616	-16.7	627.1635
617	-29.3	627.9134
618	-43.3	628.6639
619	-57.9	629.4116
620	-71.2	630.1616
621	-79.5	630.9112
622	-86.5	631.6605
623	-94.1	632.4102
624	-97.8	633.16
625	-100.1	633.91
626	-105.8	634.6602
627	-109.8	635.4105
628	-107.6	636.5472
629	-105.4	637.685
630	-104.8	638.8227
631	-102.5	639.9605
632	-100.1	641.0982
633	-100	642.2349
634	-103.4	643.3734
635	-107.7	644.5126
636	-109.8	645.6517
637	-104	646.7909
638	-100.6	647.928
639	-98.7	649.0663
640	-93.7	650.2039
641	-92.1	651.3413
642	-89.1	652.4814
643	-85.3	653.6193
644	-82.4	654.7547
645	-82.7	655.8928
646	-86.6	657.032
647	-88.1	658.1728
648	-86.4	659.3112
649	-80.2	660.4462
650	-79.9	661.5795
651	-82.4	662.7161
652	-85.1	663.8421
653	-84.3	664.9804
654	-78.2	666.1276
655	-77.2	667.271
656	-82.7	668.4106
657	-85.2	669.5484
658	-83.5	670.6856
659	-78.4	671.8226
660	-75.2	672.958
661	-77.6	674.0785
662	-79.2	675.228
663	-80.2	676.3712
664	-79.3	677.509
665	-75	678.6446
666	-72.4	679.7846
667	-69.8	680.9223
668	-66.7	682.0627
669	-62.6	683.1981
670	-61.5	684.3353
671	-61.9	685.4721
672	-65.6	686.6032
673	-67.2	687.7475
674	-62.6	688.8242
675	-57	689.9016
676	-53.5	690.9786
677	-50.1	692.0558
678	-45.5	693.1324
679	-42.2	694.2089
680	-38.4	695.2865
681	-34	696.3631
682	-28.8	697.4394
683	-24.4	698.5152
684	-21.3	699.5924
685	-17.8	700.6672
686	-12.6	701.7421
687	-9.1	702.8275
688	-11.4	703.4715
689	-13	704.1145
690	-15.6	704.7575
691	-15.6	705.4005
692	-13.4	706.0445
693	-12.4	706.6885
694	-12.3	707.3325
695	-10.6	707.9775
696	-9.9	708.6215
697	-11.8	709.2645
698	-15.5	709.9085
699	-19.1	710.5525
700	-21.3	711.1965
701	-23.2	711.8395
702	-26.9	712.4835
703	-30	713.1255
704	-31.2	713.7705
705	-31.9	714.4135
706	-36.7	715.0575
707	-48.3	715.7015
708	-57.7	716.3445
709	-56.9	716.9885
710	-57.9	717.6315
711	-64.7	718.2755
712	-68	718.9175
713	-71.4	719.5605
714	-80	720.2045
715	-82.2	720.8475
716	-83.2	721.4905
717	-82.1	722.1345
718	-86.1	722.7795
719	-90.2	723.4225
720	-88.9	724.0225
721	-82.3	724.6216
722	-76.7	725.222
723	-70.2	725.8218
724	-66.7	726.4223
725	-66	727.022
726	-63.3	727.6224
727	-52	728.2223
728	-44.2	728.8235
729	-43.9	729.8071
730	-44.3	730.7923
731	-43.8	731.7763
732	-41.8	732.7595
733	-40	733.7435
734	-42	734.7281
735	-49.7	735.7117
736	-50	736.6973
737	-48.2	737.6815
738	-47.7	738.6655
739	-52.7	739.03
740	-56.4	739.3933
741	-58.8	739.7583
742	-61.8	740.1231
743	-64.8	740.4879
744	-67.3	740.852
745	-69.9	741.2167
746	-71.1	741.581
747	-73.8	741.9465
748	-73.7	743.4308
749	-74.3	744.9155
750	-74	746.3985
751	-68.3	747.6895
752	-65.7	748.9775
753	-65.1	750.2654
754	-63.7	751.555
755	-61.9	752.844
756	-59.2	754.1317
757	-58.7	755.4207
758	-57.4	756.7104
759	-50.8	758.0005
760	-50.8	759.2866
761	-49.2	760.577
762	-47.7	761.8648
763	-41.5	763.1531
764	-39.1	764.4426
765	-39.2	765.732
766	-36.2	767.022
767	-32.1	768.3095
768	-27.3	769.5861
769	-23.7	770.8785
770	-20.7	772.1791
771	-16.2	773.4669
772	-12.2	774.7524
773	-8	776.0417
774	-6.3	777.3302
775	-8.5	778.6253
776	-9.1	779.9125
777	-12.7	781.1981
778	-13.6	782.4723
779	-14.4	783.758
780	-12.9	785.0626
781	-15.2	786.3426
782	-20.8	787.647
783	-23.3	788.9386
784	-22.6	790.2285
785	-26.2	790.9045
786	-31.5	791.5815
787	-41.5	792.2575
788	-54.6	792.9345
789	-67.4	793.6115
790	-79.8	794.2875
791	-86.4	794.9635
792	-87.4	795.6405
793	-86.6	796.6452
794	-88.2	797.6498
795	-93.2	798.6545
796	-95.7	799.6591
797	-93.1	800.6638
798	-92.4	801.6684