Speleothem-tuned age    Sea level [m NN] (Long PC1)
0   8.9
1.2 7.7
2.2 5.9
3.3 3.5
4.4 1.9
5.5 0
6.6 -2
7.6 -5.4
8.5 -7.1
9.5 -11.6
10.5    -23.1
11.4    -36.1
12.4    -49.7
13.4    -64.5
14.3    -75.9
15.3    -86
16.3    -98.4
17.2    -108.2
18.2    -113.8
19.2    -117
20.2    -116.4
21.2    -118.6
22.2    -125.9
23.2    -128.7
24.2    -130
25.3    -124.9
26.3    -119.2
27.3    -114.9
28.3    -112.2
29.3    -107.7
30.3    -102.1
31.4    -100
32.4    -96
33.5    -93.7
34.7    -93.5
35.9    -97.3
37  -97.2
38.2    -93.4
39.4    -91.8
40.5    -88.5
41.7    -83.1
42.9    -78.2
44  -74.6
45.1    -73
46.2    -72.6
47.3    -71
48.4    -70.3
49.5    -71.4
50.6    -72.5
51.7    -70.6
52.8    -66.7
53.9    -66
55  -68.1
56.1    -69.9
57.2    -71.7
58.2    -74.5
59.3    -78.7
60.4    -81.6
61.5    -81.9
62.5    -76.5
63.6    -77.5
64.7    -78.6
65.8    -79.9
66.9    -79.9
67.9    -77.2
69  -78.8
70  -80.6
71.1    -80.1
72.2    -68.4
73.2    -64.6
74.3    -60.1
75.3    -50.6
76.4    -43.6
77.5    -38.4
78.5    -33.2
79.6    -27.8
80.6    -26.3
81.7    -26.8
82.6    -27.4
83.6    -32.5
84.5    -32.5
85.5    -32.7
86.4    -31.5
87.4    -24.1
88.3    -27.8
89.3    -29.9
90.2    -33.2
91.2    -36.7
92.1    -41.1
93.1    -40.6
94  -38.2
95  -35.9
96  -39.3
97  -41.7
97.9    -41.8
98.9    -34.9
99.9    -25.6
100.9   -20.9
101.8   -19.3
102.8   -16.9
103.8   -17
104.7   -16.7
105.6   -28.1
106.5   -31
107.4   -32.5
108.4   -35.2
109.3   -38.5
110.2   -41.4
111.1   -42.9
112 -45.2
113 -45.6
113.9   -47.9
114.8   -44.1
115.7   -39
116.6   -33.7
117.5   -29.4
118.5   -25
119.4   -17
120.3   -9.1
121.2   -4.9
122.1   -0.6
123 0.4
124 -2.9
124.9   -2.8
125.7   -5.4
126.6   -9.8
127.5   -16.2
128.4   -26.8
129.3   -37.1
130.1   -54.4
131 -73.7
131.9   -89.9
132.8   -105.1
133.7   -114.9
134.5   -119.7
135.4   -123.6
136.4   -124.4
137.4   -123.7
138.4   -124.6
139.4   -122.6
140.4   -120.2
141.4   -114.4
142.4   -110.4
143.4   -107.5
144.4   -103.2
145.4   -98.1
146.4   -94.7
147.3   -93
148.3   -92.8
149.5   -91.4
150.6   -83.6
151.7   -81.3
152.8   -80.7
154 -81.5
155.1   -82.9
156.2   -85.3
157.3   -88.6
158.4   -87.4
159.5   -85.6
160.7   -86.3
161.7   -85.8
162.7   -80.9
163.7   -75.7
164.7   -72.3
165.7   -71.3
166.7   -68.4
167.7   -64.4
168.7   -60.9
169.7   -60.1
170.7   -58.3
171.7   -55.7
172.7   -56.6
173.6   -62.2
174.5   -59.5
175.4   -57.1
176.3   -56.6
177.2   -56.3
178.1   -57
179 -60.2
179.9   -61.5
180.8   -62.8
181.8   -63.8
182.7   -61.8
183.6   -61.5
184.5   -63.8
185.5   -66.1
186.6   -63.1
187.7   -58.3
188.7   -54.4
189.8   -49.7
190.8   -47.8
191.9   -43.6
193 -38.9
194 -34.3
195.1   -31.7
196.1   -27.9
197.2   -22.5
198.3   -16.5
199.5   -10.2
200.6   -8.1
201.7   -10
202.8   -14.6
203.9   -19.6
205 -23.2
206.1   -21
207.2   -10.7
208.4   -5.4
209.6   -8.1
210.7   -8.3
211.9   -9.2
213 -7.9
214.2   -4.9
215.3   -3.6
216.4   -4.3
217.6   -5.9
218.6   -6.4
219.6   -10.7
220.6   -21.5
221.6   -29.5
222.6   -39.1
223.6   -49.6
224.6   -57.8
225.5   -67.1
226.5   -69.5
227.5   -68.7
228.5   -69.2
229.4   -66.5
230.3   -65.1
231.1   -65.6
232 -62.9
232.8   -57.5
233.7   -49.9
234.6   -39.4
235.5   -31.2
236.3   -27.7
237.2   -22.8
238 -15.9
238.9   -12.9
239.7   -16.9
240.6   -21.8
241.4   -26.7
242.2   -35.2
243.1   -45.6
243.9   -51.1
244.8   -56.6
245.6   -47.7
246.4   -71.8
247.3   -80.5
248.1   -81.3
249 -87.1
249.8   -90
250.9   -90.4
252 -90.1
253 -90.1
254.1   -87.5
255.2   -80.5
256.3   -85.8
257.3   -90.5
258.4   -92.3
259.5   -86.9
260.6   -76
261.6   -72.5
263 -72.1
264.4   -73.5
265.8   -80.8
267.2   -81.3
268.6   -76.7
270 -75.4
271.3   -88.1
272.7   -92.1
274.1   -93.3
275.5   -84.9
276.6   -77.9
277.7   -74.2
278.9   -70.8
280 -61
281.1   -54.3
282.2   -50.8
283.3   -48.2
284.5   -45.6
285.6   -42.4
286.7   -39
287.8   -38.6
288.9   -39.2
290 -39.3
291 -40
292.1   -42.9
293.1   -45.4
294.2   -48.5
295.2   -54.8
296.3   -58.3
297.3   -58.3
298.4   -53.8
299.4   -50.7
300.4   -49.2
301.3   -48.2
302.1   -43.5
303 -44.7
303.9   -44.8
304.8   -42.3
305.6   -40.1
306.6   -38.6
307.5   -36.2
308.3   -33
309.2   -36.2
310.1   -38.9
311 -35.3
311.9   -31.2
312.7   -31
313.7   -27.3
314.5   -22.6
315.4   -20.8
316.3   -19.6
317.2   -16.6
318.1   -9.9
318.9   -7
319.8   -7.2
320.6   -6.4
321.4   -7
322.2   -8.2
323.1   -6.1
323.9   -5.2
324.7   -2.3
325.5   -0.5
326.4   -4
327.2   -11.3
328 -11.5
328.8   -5.4
329.7   -1.8
330.5   -1.7
331.4   -9.2
332.4   -25.1
333.3   -37.6
334.3   -41.2
335.2   -44.8
336.2   -54
337.1   -72.5
338.1   -86.2
339 -88.4
340 -89.6
340.9   -91.3
341.8   -99
342.7   -102.8
343.7   -99.9
344.6   -99.9
345.5   -99.9
346.4   -97.2
347.3   -95.4
348.2   -95.7
349.2   -95.2
350.1   -93.8
351 -87
352.4   -83.3
353.7   -83.3
355 -86.1
356.3   -90.3
357.6   -92.8
359 -92.4
360.3   -92.1
361.6   -89
362.7   -85.5
363.8   -78.3
364.9   -69.4
366.1   -63
367.2   -63.9
368.3   -64
369.4   -54.8
370.5   -48.2
371.6   -45.4
372.6   -44.1
373.6   -44.2
374.6   -45.1
375.6   -45.2
376.6   -47.2
377.6   -48.9
378.6   -50.8
379.5   -51.2
380.4   -52.1
381.3   -51.2
382.1   -37
383 -23
383.8   -19.1
384.7   -22.5
385.6   -21.7
386.6   -21.7
387.6   -20.5
388.7   -18.5
389.7   -15.5
390.7   -18.8
391.7   -27.2
392.8   -28.9
393.8   -23.3
394.8   -18.3
395.8   -10.2
396.8   -4.1
397.8   -3.3
398.8   -3.4
399.8   -1.7
400.7   5
401.7   12.6
402.7   18.6
403.7   17.8
404.7   16.4
405.6   17.9
406.5   19.1
407.4   16.1
408.3   13.3
409.2   12.7
410.1   10.6
411 5.8
411.9   -4.2
412.7   -11.3
413.6   -13.2
414.5   -14.5
415.4   -19.2
416.3   -27
417.2   -34.7
418.1   -36.3
419 -36.7
419.9   -40.8
420.7   -48.9
421.6   -57
422.5   -64.5
423.4   -71.1
424.3   -76.7
425.2   -89.3
426.1   -107.3
426.9   -116.1
427.8   -117.7
428.7   -119.1
429.6   -115.4
430.7   -115.6
431.8   -117.1
432.8   -119
433.9   -118.1
435 -114.4
436 -113.9
437.1   -113.2
438.2   -110.7
439.2   -105.3
440.3   -99.8
441.4   -98.5
442.5   -100.5
443.2   -101.7
445.2   -99.6
446.6   -96.2
447.5   -95.5
448.7   -95
450.2   -96.9
451.5   -98.3
452.7   -97.8
454 -97.8
455.4   -96.2
456.6   -94.6
457.8   -92.9
459.2   -90.9
460.5   -89.8
461.8   -88.3
463 -86
464.3   -81.9
465.7   -81.4
466.9   -79.7
468.1   -78.3
469.5   -75.4
470.8   -73.8
472 -74.8
473.2   -71.4
474.7   -62.9
476 -52.1
477.1   -51.2
478.2   -51.8
480 -49.6
481.5   -41.6
482.3   -36.8
483.3   -34.5
484.3   -32.1
485.3   -29.8
486.3   -27.6
487.3   -28.3
488.3   -31.4
489.3   -32.8
490.3   -32.4
491.3   -30.5
492.3   -28.2
493.3   -24.9
494.1   -21.1
494.9   -17.4
495.7   -17.6
496.5   -17.1
497.3   -18
498.1   -15.2
498.9   -12.7
499.7   -10.8
500.5   -12.4
501.3   -14.5
502.1   -17.6
502.9   -18.4
503.7   -15.3
504.5   -14
505.2   -17.9
505.9   -22.5
506.7   -23.3
507.4   -24
508.2   -27.3
508.9   -30.5
509.7   -33.4
510.4   -36
511.2   -40.7
511.9   -45.7
512.7   -53.5
513.4   -53.7
514.2   -51.7
515.1   -51.2
515.9   -51.7
516.7   -50
517.5   -48.9
518.4   -46.2
519.2   -43.5
520 -44.1
520.9   -45.5
521.7   -44
522.5   -43.9
523.3   -45.8
524.2   -48.8
525 -49.6
525.9   -49.1
526.8   -48.9
527.7   -47.8
528.5   -47.9
529.4   -50.1
530.3   -51.6
531.1   -53.2
532 -53.3
532.9   -52.7
533.7   -55.9
534.6   -61
535 -64
536.8   -67.3
538.2   -64.2
539 -59.9
539.7   -59
540.8   -55.2
542.1   -51.7
543.3   -53.7
544.2   -53.9
545.1   -53.7
546.2   -55
547.4   -57.4
548.5   -59.5
549.4   -62.1
550.5   -62.8
551.6   -60
552.7   -58.3
553.7   -59.8
554.7   -61.1
555.8   -58.4
557 -52.4
558 -46.5
559 -40.4
560 -37.9
561.1   -36
562.3   -35.4
563.3   -34.8
564.3   -33.4
565.3   -30.1
566.5   -26.7
567.7   -19.6
568.7   -13.9
569.4   -13.3
570.5   -11.6
572 -9
573.3   -8.1
573.9   -6.6
575 -8.3
576 -8.8
577 -12
578.1   -12.3
579.1   -11.6
580.1   -13.8
581.2   -23.3
582.2   -31.9
583.2   -38.3
584.3   -44
585.3   -50.1
586.3   -53.3
587.5   -54.4
588.7   -49.9
589.9   -47.1
591 -45.5
592.2   -39
593.4   -33.1
594.6   -30
595.7   -28.9
596.9   -30.3
598 -29.8
599.2   -26.3
600.4   -23.4
601.6   -24
602.8   -27.5
604 -33
605.2   -41.3
606.4   -41.1
607.6   -39.3
608.8   -37.8
609.9   -33.9
611 -24
612.1   -16.2
613.2   -14.2
614.3   -15.1
615.3   -17.7
616.5   -17.5
617.5   -18.5
618.6   -18.1
619.7   -12.5
620.8   -9
621.8   -11.2
622.8   -16.7
623.8   -29.3
624.8   -43.3
625.8   -57.9
626.8   -71.2
627.8   -79.5
628.8   -86.5
629.8   -94.1
630.8   -97.8
631.8   -100.1
633 -105.8
633.3   -109.8
634.2   -107.6
635.6   -105.4
636.8   -104.8
637.7   -102.5
638.5   -100.1
639.3   -100
640.4   -103.4
641.5   -107.7
642.4   -109.8
643.3   -104
644.2   -100.6
645.2   -98.7
646.2   -93.7
647.2   -92.1
648.1   -89.1
649 -85.3
650 -82.4
651 -82.7
652 -86.6
652.9   -88.1
653.9   -86.4
654.8   -80.2
655.7   -79.9
656.8   -82.4
657.7   -85.1
658.7   -84.3
659.6   -78.2
660.6   -77.2
661.6   -82.7
662.5   -85.2
663.5   -83.5
664.4   -78.4
665.4   -75.2
666.3   -77.6
667.3   -79.2
668.2   -80.2
669.2   -79.3
670.2   -75
671.2   -72.4
672.1   -69.8
673.1   -66.7
674 -62.6
675 -61.5
675.9   -61.9
676.9   -65.6
677.8   -67.2
678.8   -62.6
679.8   -57
680.7   -53.5
681.7   -50.1
682.7   -45.5
683.6   -42.2
684.6   -38.4
685.5   -34
686.5   -28.8
687.4   -24.4
688.3   -21.3
689.4   -17.8
690.3   -12.6
691.2   -9.1
692.2   -11.4
693.2   -13
694.1   -15.6
695.1   -15.6
696.1   -13.4
697 -12.4
698 -12.3
698.9   -10.6
699.9   -9.9
700.9   -11.8
701.9   -15.5
702.8   -19.1
703.8   -21.3
704.7   -23.2
705.7   -26.9
706.6   -30
707.6   -31.2
708.5   -31.9
709.5   -36.7
710.5   -48.3
711.4   -57.7
712.4   -56.9
713.4   -57.9
714.3   -64.7
715.2   -68
716.2   -71.4
717.2   -80
718.1   -82.2
719.1   -83.2
720 -82.1
721 -86.1
722 -90.2
722.9   -88.9
723.9   -82.3
724.8   -76.7
725.8   -70.2
726.8   -66.7
727.7   -66
728.7   -63.3
729.6   -52
730.6   -44.2
731.6   -43.9
732.5   -44.3
733.5   -43.8
734.5   -41.8
735.4   -40
736.4   -42
737.3   -49.7
738.3   -50
739.3   -48.2
740.2   -47.7
741.1   -52.7
742.1   -56.4
743.1   -58.8
744 -61.8
745 -64.8
746 -67.3
746.9   -69.9
747.9   -71.1
748.9   -73.8
749.8   -73.7
750.8   -74.3
751.7   -74
752.7   -68.3
753.7   -65.7
754.6   -65.1
755.5   -63.7
756.5   -61.9
757.4   -59.2
758.4   -58.7
759.4   -57.4
760.3   -54
761.3   -50.8
762.2   -49.2
763.2   -47.7
764.2   -41.5
765.2   -39.1
766.1   -39.2
767.1   -36.2
768 -32.1
769 -27.3
769.9   -23.7
770.9   -20.7
771.9   -16.2
772.8   -12.2
773.8   -8
774.8   -6.3
775.7   -8.5
776.7   -9.1
777.6   -12.7
778.5   -13.6
779.5   -14.4
780.5   -12.9
781.6   -15.2
782.5   -20.8
783.2   -23.3
784.1   -22.6
785.3   -26.2
786.6   -31.5
787.5   -41.5
788 -54.6
789.1   -67.4
790.1   -79.8
791.1   -86.4
792.1   -87.4
793.1   -86.6
794.1   -88.2
795.1   -93.2
796.1   -95.7
797.1   -93.1
798.1   -92.4
